{
 "cells": [
  {
   "cell_type": "code",
   "execution_count": 1,
   "id": "01280150",
   "metadata": {},
   "outputs": [],
   "source": [
    "## Shelf space allocation starter\n",
    "import pandas as pd"
   ]
  },
  {
   "cell_type": "code",
   "execution_count": 2,
   "id": "7b8d041f",
   "metadata": {},
   "outputs": [
    {
     "data": {
      "text/html": [
       "<div>\n",
       "<style scoped>\n",
       "    .dataframe tbody tr th:only-of-type {\n",
       "        vertical-align: middle;\n",
       "    }\n",
       "\n",
       "    .dataframe tbody tr th {\n",
       "        vertical-align: top;\n",
       "    }\n",
       "\n",
       "    .dataframe thead th {\n",
       "        text-align: right;\n",
       "    }\n",
       "</style>\n",
       "<table border=\"1\" class=\"dataframe\">\n",
       "  <thead>\n",
       "    <tr style=\"text-align: right;\">\n",
       "      <th></th>\n",
       "      <th>product_id</th>\n",
       "      <th>category_id</th>\n",
       "      <th>brand_id</th>\n",
       "      <th>width</th>\n",
       "      <th>height</th>\n",
       "      <th>depth</th>\n",
       "      <th>weight</th>\n",
       "      <th>monthly_demand</th>\n",
       "      <th>price</th>\n",
       "      <th>unit_margin</th>\n",
       "    </tr>\n",
       "  </thead>\n",
       "  <tbody>\n",
       "    <tr>\n",
       "      <th>0</th>\n",
       "      <td>21825</td>\n",
       "      <td>212</td>\n",
       "      <td>35</td>\n",
       "      <td>117.070344</td>\n",
       "      <td>118.764574</td>\n",
       "      <td>102.134818</td>\n",
       "      <td>0.804767</td>\n",
       "      <td>7.000000</td>\n",
       "      <td>15.120002</td>\n",
       "      <td>5.557501</td>\n",
       "    </tr>\n",
       "    <tr>\n",
       "      <th>1</th>\n",
       "      <td>21824</td>\n",
       "      <td>212</td>\n",
       "      <td>35</td>\n",
       "      <td>116.022102</td>\n",
       "      <td>90.853203</td>\n",
       "      <td>104.057607</td>\n",
       "      <td>1.157446</td>\n",
       "      <td>7.666667</td>\n",
       "      <td>14.973333</td>\n",
       "      <td>7.591111</td>\n",
       "    </tr>\n",
       "    <tr>\n",
       "      <th>2</th>\n",
       "      <td>28643</td>\n",
       "      <td>212</td>\n",
       "      <td>35</td>\n",
       "      <td>80.341427</td>\n",
       "      <td>113.268308</td>\n",
       "      <td>103.574290</td>\n",
       "      <td>1.051726</td>\n",
       "      <td>14.333333</td>\n",
       "      <td>14.939252</td>\n",
       "      <td>8.326324</td>\n",
       "    </tr>\n",
       "    <tr>\n",
       "      <th>3</th>\n",
       "      <td>101120</td>\n",
       "      <td>212</td>\n",
       "      <td>35</td>\n",
       "      <td>116.095343</td>\n",
       "      <td>84.726862</td>\n",
       "      <td>121.180416</td>\n",
       "      <td>0.863353</td>\n",
       "      <td>6.333333</td>\n",
       "      <td>14.448980</td>\n",
       "      <td>10.785000</td>\n",
       "    </tr>\n",
       "    <tr>\n",
       "      <th>4</th>\n",
       "      <td>32857</td>\n",
       "      <td>212</td>\n",
       "      <td>35</td>\n",
       "      <td>123.952506</td>\n",
       "      <td>112.410127</td>\n",
       "      <td>76.651919</td>\n",
       "      <td>0.826438</td>\n",
       "      <td>2.666667</td>\n",
       "      <td>16.250000</td>\n",
       "      <td>10.642857</td>\n",
       "    </tr>\n",
       "    <tr>\n",
       "      <th>...</th>\n",
       "      <td>...</td>\n",
       "      <td>...</td>\n",
       "      <td>...</td>\n",
       "      <td>...</td>\n",
       "      <td>...</td>\n",
       "      <td>...</td>\n",
       "      <td>...</td>\n",
       "      <td>...</td>\n",
       "      <td>...</td>\n",
       "      <td>...</td>\n",
       "    </tr>\n",
       "    <tr>\n",
       "      <th>64</th>\n",
       "      <td>109659</td>\n",
       "      <td>212</td>\n",
       "      <td>424</td>\n",
       "      <td>100.000000</td>\n",
       "      <td>150.000000</td>\n",
       "      <td>110.000000</td>\n",
       "      <td>0.000850</td>\n",
       "      <td>25.000000</td>\n",
       "      <td>1.392000</td>\n",
       "      <td>0.860000</td>\n",
       "    </tr>\n",
       "    <tr>\n",
       "      <th>65</th>\n",
       "      <td>109658</td>\n",
       "      <td>212</td>\n",
       "      <td>424</td>\n",
       "      <td>100.000000</td>\n",
       "      <td>150.000000</td>\n",
       "      <td>110.000000</td>\n",
       "      <td>0.000850</td>\n",
       "      <td>33.000000</td>\n",
       "      <td>1.392500</td>\n",
       "      <td>0.831250</td>\n",
       "    </tr>\n",
       "    <tr>\n",
       "      <th>66</th>\n",
       "      <td>109660</td>\n",
       "      <td>212</td>\n",
       "      <td>424</td>\n",
       "      <td>100.000000</td>\n",
       "      <td>150.000000</td>\n",
       "      <td>110.000000</td>\n",
       "      <td>0.000850</td>\n",
       "      <td>27.333333</td>\n",
       "      <td>1.241765</td>\n",
       "      <td>0.767059</td>\n",
       "    </tr>\n",
       "    <tr>\n",
       "      <th>67</th>\n",
       "      <td>109657</td>\n",
       "      <td>212</td>\n",
       "      <td>424</td>\n",
       "      <td>100.000000</td>\n",
       "      <td>150.000000</td>\n",
       "      <td>110.000000</td>\n",
       "      <td>0.000850</td>\n",
       "      <td>30.333333</td>\n",
       "      <td>1.252581</td>\n",
       "      <td>0.773226</td>\n",
       "    </tr>\n",
       "    <tr>\n",
       "      <th>68</th>\n",
       "      <td>109656</td>\n",
       "      <td>212</td>\n",
       "      <td>424</td>\n",
       "      <td>100.000000</td>\n",
       "      <td>150.000000</td>\n",
       "      <td>110.000000</td>\n",
       "      <td>0.000850</td>\n",
       "      <td>25.000000</td>\n",
       "      <td>1.259091</td>\n",
       "      <td>0.781212</td>\n",
       "    </tr>\n",
       "  </tbody>\n",
       "</table>\n",
       "<p>69 rows × 10 columns</p>\n",
       "</div>"
      ],
      "text/plain": [
       "    product_id  category_id  brand_id       width      height       depth  \\\n",
       "0        21825          212        35  117.070344  118.764574  102.134818   \n",
       "1        21824          212        35  116.022102   90.853203  104.057607   \n",
       "2        28643          212        35   80.341427  113.268308  103.574290   \n",
       "3       101120          212        35  116.095343   84.726862  121.180416   \n",
       "4        32857          212        35  123.952506  112.410127   76.651919   \n",
       "..         ...          ...       ...         ...         ...         ...   \n",
       "64      109659          212       424  100.000000  150.000000  110.000000   \n",
       "65      109658          212       424  100.000000  150.000000  110.000000   \n",
       "66      109660          212       424  100.000000  150.000000  110.000000   \n",
       "67      109657          212       424  100.000000  150.000000  110.000000   \n",
       "68      109656          212       424  100.000000  150.000000  110.000000   \n",
       "\n",
       "      weight  monthly_demand      price  unit_margin  \n",
       "0   0.804767        7.000000  15.120002     5.557501  \n",
       "1   1.157446        7.666667  14.973333     7.591111  \n",
       "2   1.051726       14.333333  14.939252     8.326324  \n",
       "3   0.863353        6.333333  14.448980    10.785000  \n",
       "4   0.826438        2.666667  16.250000    10.642857  \n",
       "..       ...             ...        ...          ...  \n",
       "64  0.000850       25.000000   1.392000     0.860000  \n",
       "65  0.000850       33.000000   1.392500     0.831250  \n",
       "66  0.000850       27.333333   1.241765     0.767059  \n",
       "67  0.000850       30.333333   1.252581     0.773226  \n",
       "68  0.000850       25.000000   1.259091     0.781212  \n",
       "\n",
       "[69 rows x 10 columns]"
      ]
     },
     "execution_count": 2,
     "metadata": {},
     "output_type": "execute_result"
    }
   ],
   "source": [
    "p = pd.read_csv(\"products_set_30.csv\")\n",
    "p"
   ]
  },
  {
   "cell_type": "code",
   "execution_count": 3,
   "id": "d7fd8609",
   "metadata": {},
   "outputs": [
    {
     "data": {
      "text/html": [
       "<div>\n",
       "<style scoped>\n",
       "    .dataframe tbody tr th:only-of-type {\n",
       "        vertical-align: middle;\n",
       "    }\n",
       "\n",
       "    .dataframe tbody tr th {\n",
       "        vertical-align: top;\n",
       "    }\n",
       "\n",
       "    .dataframe thead th {\n",
       "        text-align: right;\n",
       "    }\n",
       "</style>\n",
       "<table border=\"1\" class=\"dataframe\">\n",
       "  <thead>\n",
       "    <tr style=\"text-align: right;\">\n",
       "      <th></th>\n",
       "      <th>product_id</th>\n",
       "      <th>category_id</th>\n",
       "      <th>brand_id</th>\n",
       "      <th>width</th>\n",
       "      <th>height</th>\n",
       "      <th>depth</th>\n",
       "      <th>weight</th>\n",
       "      <th>monthly_demand</th>\n",
       "      <th>price</th>\n",
       "      <th>unit_margin</th>\n",
       "      <th>monthly_profit</th>\n",
       "      <th>monthly_profit_per_width</th>\n",
       "    </tr>\n",
       "  </thead>\n",
       "  <tbody>\n",
       "    <tr>\n",
       "      <th>0</th>\n",
       "      <td>21825</td>\n",
       "      <td>212</td>\n",
       "      <td>35</td>\n",
       "      <td>117.070344</td>\n",
       "      <td>118.764574</td>\n",
       "      <td>102.134818</td>\n",
       "      <td>0.804767</td>\n",
       "      <td>7.000000</td>\n",
       "      <td>15.120002</td>\n",
       "      <td>5.557501</td>\n",
       "      <td>38.902507</td>\n",
       "      <td>0.332300</td>\n",
       "    </tr>\n",
       "    <tr>\n",
       "      <th>1</th>\n",
       "      <td>21824</td>\n",
       "      <td>212</td>\n",
       "      <td>35</td>\n",
       "      <td>116.022102</td>\n",
       "      <td>90.853203</td>\n",
       "      <td>104.057607</td>\n",
       "      <td>1.157446</td>\n",
       "      <td>7.666667</td>\n",
       "      <td>14.973333</td>\n",
       "      <td>7.591111</td>\n",
       "      <td>58.198518</td>\n",
       "      <td>0.501616</td>\n",
       "    </tr>\n",
       "    <tr>\n",
       "      <th>2</th>\n",
       "      <td>28643</td>\n",
       "      <td>212</td>\n",
       "      <td>35</td>\n",
       "      <td>80.341427</td>\n",
       "      <td>113.268308</td>\n",
       "      <td>103.574290</td>\n",
       "      <td>1.051726</td>\n",
       "      <td>14.333333</td>\n",
       "      <td>14.939252</td>\n",
       "      <td>8.326324</td>\n",
       "      <td>119.343977</td>\n",
       "      <td>1.485460</td>\n",
       "    </tr>\n",
       "    <tr>\n",
       "      <th>3</th>\n",
       "      <td>101120</td>\n",
       "      <td>212</td>\n",
       "      <td>35</td>\n",
       "      <td>116.095343</td>\n",
       "      <td>84.726862</td>\n",
       "      <td>121.180416</td>\n",
       "      <td>0.863353</td>\n",
       "      <td>6.333333</td>\n",
       "      <td>14.448980</td>\n",
       "      <td>10.785000</td>\n",
       "      <td>68.305000</td>\n",
       "      <td>0.588353</td>\n",
       "    </tr>\n",
       "    <tr>\n",
       "      <th>4</th>\n",
       "      <td>32857</td>\n",
       "      <td>212</td>\n",
       "      <td>35</td>\n",
       "      <td>123.952506</td>\n",
       "      <td>112.410127</td>\n",
       "      <td>76.651919</td>\n",
       "      <td>0.826438</td>\n",
       "      <td>2.666667</td>\n",
       "      <td>16.250000</td>\n",
       "      <td>10.642857</td>\n",
       "      <td>28.380952</td>\n",
       "      <td>0.228966</td>\n",
       "    </tr>\n",
       "    <tr>\n",
       "      <th>...</th>\n",
       "      <td>...</td>\n",
       "      <td>...</td>\n",
       "      <td>...</td>\n",
       "      <td>...</td>\n",
       "      <td>...</td>\n",
       "      <td>...</td>\n",
       "      <td>...</td>\n",
       "      <td>...</td>\n",
       "      <td>...</td>\n",
       "      <td>...</td>\n",
       "      <td>...</td>\n",
       "      <td>...</td>\n",
       "    </tr>\n",
       "    <tr>\n",
       "      <th>64</th>\n",
       "      <td>109659</td>\n",
       "      <td>212</td>\n",
       "      <td>424</td>\n",
       "      <td>100.000000</td>\n",
       "      <td>150.000000</td>\n",
       "      <td>110.000000</td>\n",
       "      <td>0.000850</td>\n",
       "      <td>25.000000</td>\n",
       "      <td>1.392000</td>\n",
       "      <td>0.860000</td>\n",
       "      <td>21.500000</td>\n",
       "      <td>0.215000</td>\n",
       "    </tr>\n",
       "    <tr>\n",
       "      <th>65</th>\n",
       "      <td>109658</td>\n",
       "      <td>212</td>\n",
       "      <td>424</td>\n",
       "      <td>100.000000</td>\n",
       "      <td>150.000000</td>\n",
       "      <td>110.000000</td>\n",
       "      <td>0.000850</td>\n",
       "      <td>33.000000</td>\n",
       "      <td>1.392500</td>\n",
       "      <td>0.831250</td>\n",
       "      <td>27.431250</td>\n",
       "      <td>0.274313</td>\n",
       "    </tr>\n",
       "    <tr>\n",
       "      <th>66</th>\n",
       "      <td>109660</td>\n",
       "      <td>212</td>\n",
       "      <td>424</td>\n",
       "      <td>100.000000</td>\n",
       "      <td>150.000000</td>\n",
       "      <td>110.000000</td>\n",
       "      <td>0.000850</td>\n",
       "      <td>27.333333</td>\n",
       "      <td>1.241765</td>\n",
       "      <td>0.767059</td>\n",
       "      <td>20.966279</td>\n",
       "      <td>0.209663</td>\n",
       "    </tr>\n",
       "    <tr>\n",
       "      <th>67</th>\n",
       "      <td>109657</td>\n",
       "      <td>212</td>\n",
       "      <td>424</td>\n",
       "      <td>100.000000</td>\n",
       "      <td>150.000000</td>\n",
       "      <td>110.000000</td>\n",
       "      <td>0.000850</td>\n",
       "      <td>30.333333</td>\n",
       "      <td>1.252581</td>\n",
       "      <td>0.773226</td>\n",
       "      <td>23.454522</td>\n",
       "      <td>0.234545</td>\n",
       "    </tr>\n",
       "    <tr>\n",
       "      <th>68</th>\n",
       "      <td>109656</td>\n",
       "      <td>212</td>\n",
       "      <td>424</td>\n",
       "      <td>100.000000</td>\n",
       "      <td>150.000000</td>\n",
       "      <td>110.000000</td>\n",
       "      <td>0.000850</td>\n",
       "      <td>25.000000</td>\n",
       "      <td>1.259091</td>\n",
       "      <td>0.781212</td>\n",
       "      <td>19.530300</td>\n",
       "      <td>0.195303</td>\n",
       "    </tr>\n",
       "  </tbody>\n",
       "</table>\n",
       "<p>69 rows × 12 columns</p>\n",
       "</div>"
      ],
      "text/plain": [
       "    product_id  category_id  brand_id       width      height       depth  \\\n",
       "0        21825          212        35  117.070344  118.764574  102.134818   \n",
       "1        21824          212        35  116.022102   90.853203  104.057607   \n",
       "2        28643          212        35   80.341427  113.268308  103.574290   \n",
       "3       101120          212        35  116.095343   84.726862  121.180416   \n",
       "4        32857          212        35  123.952506  112.410127   76.651919   \n",
       "..         ...          ...       ...         ...         ...         ...   \n",
       "64      109659          212       424  100.000000  150.000000  110.000000   \n",
       "65      109658          212       424  100.000000  150.000000  110.000000   \n",
       "66      109660          212       424  100.000000  150.000000  110.000000   \n",
       "67      109657          212       424  100.000000  150.000000  110.000000   \n",
       "68      109656          212       424  100.000000  150.000000  110.000000   \n",
       "\n",
       "      weight  monthly_demand      price  unit_margin  monthly_profit  \\\n",
       "0   0.804767        7.000000  15.120002     5.557501       38.902507   \n",
       "1   1.157446        7.666667  14.973333     7.591111       58.198518   \n",
       "2   1.051726       14.333333  14.939252     8.326324      119.343977   \n",
       "3   0.863353        6.333333  14.448980    10.785000       68.305000   \n",
       "4   0.826438        2.666667  16.250000    10.642857       28.380952   \n",
       "..       ...             ...        ...          ...             ...   \n",
       "64  0.000850       25.000000   1.392000     0.860000       21.500000   \n",
       "65  0.000850       33.000000   1.392500     0.831250       27.431250   \n",
       "66  0.000850       27.333333   1.241765     0.767059       20.966279   \n",
       "67  0.000850       30.333333   1.252581     0.773226       23.454522   \n",
       "68  0.000850       25.000000   1.259091     0.781212       19.530300   \n",
       "\n",
       "    monthly_profit_per_width  \n",
       "0                   0.332300  \n",
       "1                   0.501616  \n",
       "2                   1.485460  \n",
       "3                   0.588353  \n",
       "4                   0.228966  \n",
       "..                       ...  \n",
       "64                  0.215000  \n",
       "65                  0.274313  \n",
       "66                  0.209663  \n",
       "67                  0.234545  \n",
       "68                  0.195303  \n",
       "\n",
       "[69 rows x 12 columns]"
      ]
     },
     "execution_count": 3,
     "metadata": {},
     "output_type": "execute_result"
    }
   ],
   "source": [
    "# derived metrics\n",
    "p['monthly_profit'] = p['unit_margin'] * p['monthly_demand']\n",
    "p['monthly_profit_per_width'] = p['monthly_profit'] / p['width']\n",
    "p"
   ]
  },
  {
   "cell_type": "code",
   "execution_count": 4,
   "id": "b2e3150b",
   "metadata": {},
   "outputs": [
    {
     "data": {
      "text/html": [
       "<div>\n",
       "<style scoped>\n",
       "    .dataframe tbody tr th:only-of-type {\n",
       "        vertical-align: middle;\n",
       "    }\n",
       "\n",
       "    .dataframe tbody tr th {\n",
       "        vertical-align: top;\n",
       "    }\n",
       "\n",
       "    .dataframe thead th {\n",
       "        text-align: right;\n",
       "    }\n",
       "</style>\n",
       "<table border=\"1\" class=\"dataframe\">\n",
       "  <thead>\n",
       "    <tr style=\"text-align: right;\">\n",
       "      <th></th>\n",
       "      <th>product_id</th>\n",
       "      <th>category_id</th>\n",
       "      <th>brand_id</th>\n",
       "      <th>width</th>\n",
       "      <th>height</th>\n",
       "      <th>depth</th>\n",
       "      <th>weight</th>\n",
       "      <th>monthly_demand</th>\n",
       "      <th>price</th>\n",
       "      <th>unit_margin</th>\n",
       "      <th>monthly_profit</th>\n",
       "      <th>monthly_profit_per_width</th>\n",
       "    </tr>\n",
       "  </thead>\n",
       "  <tbody>\n",
       "    <tr>\n",
       "      <th>2</th>\n",
       "      <td>28643</td>\n",
       "      <td>212</td>\n",
       "      <td>35</td>\n",
       "      <td>80.341427</td>\n",
       "      <td>113.268308</td>\n",
       "      <td>103.574290</td>\n",
       "      <td>1.051726</td>\n",
       "      <td>14.333333</td>\n",
       "      <td>14.939252</td>\n",
       "      <td>8.326324</td>\n",
       "      <td>119.343977</td>\n",
       "      <td>1.485460</td>\n",
       "    </tr>\n",
       "    <tr>\n",
       "      <th>10</th>\n",
       "      <td>21823</td>\n",
       "      <td>212</td>\n",
       "      <td>35</td>\n",
       "      <td>117.993334</td>\n",
       "      <td>75.588496</td>\n",
       "      <td>108.863367</td>\n",
       "      <td>0.876497</td>\n",
       "      <td>11.666667</td>\n",
       "      <td>15.276304</td>\n",
       "      <td>8.174063</td>\n",
       "      <td>95.364068</td>\n",
       "      <td>0.808216</td>\n",
       "    </tr>\n",
       "    <tr>\n",
       "      <th>9</th>\n",
       "      <td>32858</td>\n",
       "      <td>212</td>\n",
       "      <td>35</td>\n",
       "      <td>103.884262</td>\n",
       "      <td>83.384733</td>\n",
       "      <td>92.340910</td>\n",
       "      <td>0.929074</td>\n",
       "      <td>10.000000</td>\n",
       "      <td>15.392857</td>\n",
       "      <td>8.829384</td>\n",
       "      <td>88.293840</td>\n",
       "      <td>0.849925</td>\n",
       "    </tr>\n",
       "    <tr>\n",
       "      <th>3</th>\n",
       "      <td>101120</td>\n",
       "      <td>212</td>\n",
       "      <td>35</td>\n",
       "      <td>116.095343</td>\n",
       "      <td>84.726862</td>\n",
       "      <td>121.180416</td>\n",
       "      <td>0.863353</td>\n",
       "      <td>6.333333</td>\n",
       "      <td>14.448980</td>\n",
       "      <td>10.785000</td>\n",
       "      <td>68.305000</td>\n",
       "      <td>0.588353</td>\n",
       "    </tr>\n",
       "    <tr>\n",
       "      <th>13</th>\n",
       "      <td>21822</td>\n",
       "      <td>212</td>\n",
       "      <td>35</td>\n",
       "      <td>91.150902</td>\n",
       "      <td>105.657972</td>\n",
       "      <td>98.101289</td>\n",
       "      <td>0.840632</td>\n",
       "      <td>11.666667</td>\n",
       "      <td>15.246135</td>\n",
       "      <td>5.748333</td>\n",
       "      <td>67.063885</td>\n",
       "      <td>0.735746</td>\n",
       "    </tr>\n",
       "    <tr>\n",
       "      <th>7</th>\n",
       "      <td>101119</td>\n",
       "      <td>212</td>\n",
       "      <td>35</td>\n",
       "      <td>76.993959</td>\n",
       "      <td>116.584737</td>\n",
       "      <td>123.057061</td>\n",
       "      <td>0.767257</td>\n",
       "      <td>5.666667</td>\n",
       "      <td>15.766667</td>\n",
       "      <td>11.722222</td>\n",
       "      <td>66.425925</td>\n",
       "      <td>0.862742</td>\n",
       "    </tr>\n",
       "    <tr>\n",
       "      <th>56</th>\n",
       "      <td>34536</td>\n",
       "      <td>212</td>\n",
       "      <td>371</td>\n",
       "      <td>91.335617</td>\n",
       "      <td>84.671817</td>\n",
       "      <td>79.817056</td>\n",
       "      <td>0.766824</td>\n",
       "      <td>96.333333</td>\n",
       "      <td>1.213363</td>\n",
       "      <td>0.617788</td>\n",
       "      <td>59.513577</td>\n",
       "      <td>0.651592</td>\n",
       "    </tr>\n",
       "    <tr>\n",
       "      <th>1</th>\n",
       "      <td>21824</td>\n",
       "      <td>212</td>\n",
       "      <td>35</td>\n",
       "      <td>116.022102</td>\n",
       "      <td>90.853203</td>\n",
       "      <td>104.057607</td>\n",
       "      <td>1.157446</td>\n",
       "      <td>7.666667</td>\n",
       "      <td>14.973333</td>\n",
       "      <td>7.591111</td>\n",
       "      <td>58.198518</td>\n",
       "      <td>0.501616</td>\n",
       "    </tr>\n",
       "    <tr>\n",
       "      <th>57</th>\n",
       "      <td>34541</td>\n",
       "      <td>212</td>\n",
       "      <td>371</td>\n",
       "      <td>101.954078</td>\n",
       "      <td>117.471251</td>\n",
       "      <td>123.942685</td>\n",
       "      <td>1.132393</td>\n",
       "      <td>79.333333</td>\n",
       "      <td>1.193784</td>\n",
       "      <td>0.621264</td>\n",
       "      <td>49.286944</td>\n",
       "      <td>0.483423</td>\n",
       "    </tr>\n",
       "    <tr>\n",
       "      <th>51</th>\n",
       "      <td>113016</td>\n",
       "      <td>212</td>\n",
       "      <td>371</td>\n",
       "      <td>92.000000</td>\n",
       "      <td>146.000000</td>\n",
       "      <td>157.000000</td>\n",
       "      <td>0.006800</td>\n",
       "      <td>8.333333</td>\n",
       "      <td>9.842857</td>\n",
       "      <td>5.640000</td>\n",
       "      <td>47.000000</td>\n",
       "      <td>0.510870</td>\n",
       "    </tr>\n",
       "  </tbody>\n",
       "</table>\n",
       "</div>"
      ],
      "text/plain": [
       "    product_id  category_id  brand_id       width      height       depth  \\\n",
       "2        28643          212        35   80.341427  113.268308  103.574290   \n",
       "10       21823          212        35  117.993334   75.588496  108.863367   \n",
       "9        32858          212        35  103.884262   83.384733   92.340910   \n",
       "3       101120          212        35  116.095343   84.726862  121.180416   \n",
       "13       21822          212        35   91.150902  105.657972   98.101289   \n",
       "7       101119          212        35   76.993959  116.584737  123.057061   \n",
       "56       34536          212       371   91.335617   84.671817   79.817056   \n",
       "1        21824          212        35  116.022102   90.853203  104.057607   \n",
       "57       34541          212       371  101.954078  117.471251  123.942685   \n",
       "51      113016          212       371   92.000000  146.000000  157.000000   \n",
       "\n",
       "      weight  monthly_demand      price  unit_margin  monthly_profit  \\\n",
       "2   1.051726       14.333333  14.939252     8.326324      119.343977   \n",
       "10  0.876497       11.666667  15.276304     8.174063       95.364068   \n",
       "9   0.929074       10.000000  15.392857     8.829384       88.293840   \n",
       "3   0.863353        6.333333  14.448980    10.785000       68.305000   \n",
       "13  0.840632       11.666667  15.246135     5.748333       67.063885   \n",
       "7   0.767257        5.666667  15.766667    11.722222       66.425925   \n",
       "56  0.766824       96.333333   1.213363     0.617788       59.513577   \n",
       "1   1.157446        7.666667  14.973333     7.591111       58.198518   \n",
       "57  1.132393       79.333333   1.193784     0.621264       49.286944   \n",
       "51  0.006800        8.333333   9.842857     5.640000       47.000000   \n",
       "\n",
       "    monthly_profit_per_width  \n",
       "2                   1.485460  \n",
       "10                  0.808216  \n",
       "9                   0.849925  \n",
       "3                   0.588353  \n",
       "13                  0.735746  \n",
       "7                   0.862742  \n",
       "56                  0.651592  \n",
       "1                   0.501616  \n",
       "57                  0.483423  \n",
       "51                  0.510870  "
      ]
     },
     "execution_count": 4,
     "metadata": {},
     "output_type": "execute_result"
    }
   ],
   "source": [
    "# top products by monthly profit\n",
    "p.sort_values('monthly_profit', ascending=False).head(10)"
   ]
  },
  {
   "cell_type": "code",
   "execution_count": 5,
   "id": "2f44a71d",
   "metadata": {},
   "outputs": [
    {
     "data": {
      "text/html": [
       "<div>\n",
       "<style scoped>\n",
       "    .dataframe tbody tr th:only-of-type {\n",
       "        vertical-align: middle;\n",
       "    }\n",
       "\n",
       "    .dataframe tbody tr th {\n",
       "        vertical-align: top;\n",
       "    }\n",
       "\n",
       "    .dataframe thead th {\n",
       "        text-align: right;\n",
       "    }\n",
       "</style>\n",
       "<table border=\"1\" class=\"dataframe\">\n",
       "  <thead>\n",
       "    <tr style=\"text-align: right;\">\n",
       "      <th></th>\n",
       "      <th>product_id</th>\n",
       "      <th>category_id</th>\n",
       "      <th>brand_id</th>\n",
       "      <th>width</th>\n",
       "      <th>height</th>\n",
       "      <th>depth</th>\n",
       "      <th>weight</th>\n",
       "      <th>monthly_demand</th>\n",
       "      <th>price</th>\n",
       "      <th>unit_margin</th>\n",
       "      <th>monthly_profit</th>\n",
       "      <th>monthly_profit_per_width</th>\n",
       "    </tr>\n",
       "  </thead>\n",
       "  <tbody>\n",
       "    <tr>\n",
       "      <th>2</th>\n",
       "      <td>28643</td>\n",
       "      <td>212</td>\n",
       "      <td>35</td>\n",
       "      <td>80.341427</td>\n",
       "      <td>113.268308</td>\n",
       "      <td>103.574290</td>\n",
       "      <td>1.051726</td>\n",
       "      <td>14.333333</td>\n",
       "      <td>14.939252</td>\n",
       "      <td>8.326324</td>\n",
       "      <td>119.343977</td>\n",
       "      <td>1.485460</td>\n",
       "    </tr>\n",
       "    <tr>\n",
       "      <th>7</th>\n",
       "      <td>101119</td>\n",
       "      <td>212</td>\n",
       "      <td>35</td>\n",
       "      <td>76.993959</td>\n",
       "      <td>116.584737</td>\n",
       "      <td>123.057061</td>\n",
       "      <td>0.767257</td>\n",
       "      <td>5.666667</td>\n",
       "      <td>15.766667</td>\n",
       "      <td>11.722222</td>\n",
       "      <td>66.425925</td>\n",
       "      <td>0.862742</td>\n",
       "    </tr>\n",
       "    <tr>\n",
       "      <th>9</th>\n",
       "      <td>32858</td>\n",
       "      <td>212</td>\n",
       "      <td>35</td>\n",
       "      <td>103.884262</td>\n",
       "      <td>83.384733</td>\n",
       "      <td>92.340910</td>\n",
       "      <td>0.929074</td>\n",
       "      <td>10.000000</td>\n",
       "      <td>15.392857</td>\n",
       "      <td>8.829384</td>\n",
       "      <td>88.293840</td>\n",
       "      <td>0.849925</td>\n",
       "    </tr>\n",
       "    <tr>\n",
       "      <th>10</th>\n",
       "      <td>21823</td>\n",
       "      <td>212</td>\n",
       "      <td>35</td>\n",
       "      <td>117.993334</td>\n",
       "      <td>75.588496</td>\n",
       "      <td>108.863367</td>\n",
       "      <td>0.876497</td>\n",
       "      <td>11.666667</td>\n",
       "      <td>15.276304</td>\n",
       "      <td>8.174063</td>\n",
       "      <td>95.364068</td>\n",
       "      <td>0.808216</td>\n",
       "    </tr>\n",
       "    <tr>\n",
       "      <th>13</th>\n",
       "      <td>21822</td>\n",
       "      <td>212</td>\n",
       "      <td>35</td>\n",
       "      <td>91.150902</td>\n",
       "      <td>105.657972</td>\n",
       "      <td>98.101289</td>\n",
       "      <td>0.840632</td>\n",
       "      <td>11.666667</td>\n",
       "      <td>15.246135</td>\n",
       "      <td>5.748333</td>\n",
       "      <td>67.063885</td>\n",
       "      <td>0.735746</td>\n",
       "    </tr>\n",
       "    <tr>\n",
       "      <th>56</th>\n",
       "      <td>34536</td>\n",
       "      <td>212</td>\n",
       "      <td>371</td>\n",
       "      <td>91.335617</td>\n",
       "      <td>84.671817</td>\n",
       "      <td>79.817056</td>\n",
       "      <td>0.766824</td>\n",
       "      <td>96.333333</td>\n",
       "      <td>1.213363</td>\n",
       "      <td>0.617788</td>\n",
       "      <td>59.513577</td>\n",
       "      <td>0.651592</td>\n",
       "    </tr>\n",
       "    <tr>\n",
       "      <th>3</th>\n",
       "      <td>101120</td>\n",
       "      <td>212</td>\n",
       "      <td>35</td>\n",
       "      <td>116.095343</td>\n",
       "      <td>84.726862</td>\n",
       "      <td>121.180416</td>\n",
       "      <td>0.863353</td>\n",
       "      <td>6.333333</td>\n",
       "      <td>14.448980</td>\n",
       "      <td>10.785000</td>\n",
       "      <td>68.305000</td>\n",
       "      <td>0.588353</td>\n",
       "    </tr>\n",
       "    <tr>\n",
       "      <th>51</th>\n",
       "      <td>113016</td>\n",
       "      <td>212</td>\n",
       "      <td>371</td>\n",
       "      <td>92.000000</td>\n",
       "      <td>146.000000</td>\n",
       "      <td>157.000000</td>\n",
       "      <td>0.006800</td>\n",
       "      <td>8.333333</td>\n",
       "      <td>9.842857</td>\n",
       "      <td>5.640000</td>\n",
       "      <td>47.000000</td>\n",
       "      <td>0.510870</td>\n",
       "    </tr>\n",
       "    <tr>\n",
       "      <th>1</th>\n",
       "      <td>21824</td>\n",
       "      <td>212</td>\n",
       "      <td>35</td>\n",
       "      <td>116.022102</td>\n",
       "      <td>90.853203</td>\n",
       "      <td>104.057607</td>\n",
       "      <td>1.157446</td>\n",
       "      <td>7.666667</td>\n",
       "      <td>14.973333</td>\n",
       "      <td>7.591111</td>\n",
       "      <td>58.198518</td>\n",
       "      <td>0.501616</td>\n",
       "    </tr>\n",
       "    <tr>\n",
       "      <th>57</th>\n",
       "      <td>34541</td>\n",
       "      <td>212</td>\n",
       "      <td>371</td>\n",
       "      <td>101.954078</td>\n",
       "      <td>117.471251</td>\n",
       "      <td>123.942685</td>\n",
       "      <td>1.132393</td>\n",
       "      <td>79.333333</td>\n",
       "      <td>1.193784</td>\n",
       "      <td>0.621264</td>\n",
       "      <td>49.286944</td>\n",
       "      <td>0.483423</td>\n",
       "    </tr>\n",
       "  </tbody>\n",
       "</table>\n",
       "</div>"
      ],
      "text/plain": [
       "    product_id  category_id  brand_id       width      height       depth  \\\n",
       "2        28643          212        35   80.341427  113.268308  103.574290   \n",
       "7       101119          212        35   76.993959  116.584737  123.057061   \n",
       "9        32858          212        35  103.884262   83.384733   92.340910   \n",
       "10       21823          212        35  117.993334   75.588496  108.863367   \n",
       "13       21822          212        35   91.150902  105.657972   98.101289   \n",
       "56       34536          212       371   91.335617   84.671817   79.817056   \n",
       "3       101120          212        35  116.095343   84.726862  121.180416   \n",
       "51      113016          212       371   92.000000  146.000000  157.000000   \n",
       "1        21824          212        35  116.022102   90.853203  104.057607   \n",
       "57       34541          212       371  101.954078  117.471251  123.942685   \n",
       "\n",
       "      weight  monthly_demand      price  unit_margin  monthly_profit  \\\n",
       "2   1.051726       14.333333  14.939252     8.326324      119.343977   \n",
       "7   0.767257        5.666667  15.766667    11.722222       66.425925   \n",
       "9   0.929074       10.000000  15.392857     8.829384       88.293840   \n",
       "10  0.876497       11.666667  15.276304     8.174063       95.364068   \n",
       "13  0.840632       11.666667  15.246135     5.748333       67.063885   \n",
       "56  0.766824       96.333333   1.213363     0.617788       59.513577   \n",
       "3   0.863353        6.333333  14.448980    10.785000       68.305000   \n",
       "51  0.006800        8.333333   9.842857     5.640000       47.000000   \n",
       "1   1.157446        7.666667  14.973333     7.591111       58.198518   \n",
       "57  1.132393       79.333333   1.193784     0.621264       49.286944   \n",
       "\n",
       "    monthly_profit_per_width  \n",
       "2                   1.485460  \n",
       "7                   0.862742  \n",
       "9                   0.849925  \n",
       "10                  0.808216  \n",
       "13                  0.735746  \n",
       "56                  0.651592  \n",
       "3                   0.588353  \n",
       "51                  0.510870  \n",
       "1                   0.501616  \n",
       "57                  0.483423  "
      ]
     },
     "execution_count": 5,
     "metadata": {},
     "output_type": "execute_result"
    }
   ],
   "source": [
    "# top products by monthly profit per unit width\n",
    "p.sort_values('monthly_profit_per_width', ascending=False).head(10)"
   ]
  },
  {
   "cell_type": "code",
   "execution_count": 6,
   "id": "55d06186",
   "metadata": {},
   "outputs": [
    {
     "data": {
      "text/plain": [
       "brand_id\n",
       "35     14\n",
       "128     7\n",
       "348    30\n",
       "371     8\n",
       "423     5\n",
       "424     5\n",
       "Name: category_id, dtype: int64"
      ]
     },
     "execution_count": 6,
     "metadata": {},
     "output_type": "execute_result"
    }
   ],
   "source": [
    "# brands\n",
    "p.groupby('brand_id').count().iloc[:,1]"
   ]
  },
  {
   "cell_type": "code",
   "execution_count": 7,
   "id": "7e6d5e29",
   "metadata": {},
   "outputs": [
    {
     "data": {
      "text/plain": [
       "6980.854214714101"
      ]
     },
     "execution_count": 7,
     "metadata": {},
     "output_type": "execute_result"
    }
   ],
   "source": [
    "# total width of all products\n",
    "p['width'].sum()"
   ]
  },
  {
   "cell_type": "code",
   "execution_count": 8,
   "id": "f882db59",
   "metadata": {},
   "outputs": [],
   "source": [
    "### suggestion: add a column of 1/0 for product facings\n",
    "### track total revenue, total width, products per brand"
   ]
  }
 ],
 "metadata": {
  "kernelspec": {
   "display_name": "Python 3",
   "language": "python",
   "name": "python3"
  },
  "language_info": {
   "codemirror_mode": {
    "name": "ipython",
    "version": 3
   },
   "file_extension": ".py",
   "mimetype": "text/x-python",
   "name": "python",
   "nbconvert_exporter": "python",
   "pygments_lexer": "ipython3",
   "version": "3.9.4"
  }
 },
 "nbformat": 4,
 "nbformat_minor": 5
}
